1319
1032
1315
1314
1317
1311
1310
739
738
733
732
731
737
736
735
734
1863
1861
1860
1867
1866
1865
1864
1868
583
2034
950
13
12
11
10
17
15
14
19
18
1269
1261
1260
1263
1262
1265
1264
1267
1266
585
1045
1044
2068
2069
1041
1040
1043
1042
2062
2063
2060
2061
2066
2067
2065
2668
2664
2665
2666
2667
2660
2661
2662
2663
113
112
110
117
116
115
114
118
3429
3428
3939
3938
3936
3935
3934
3421
3932
3931
3930
2408
1689
1688
1687
1686
2402
2403
1683
2405
2406
2407
2798
1440
1443
1442
1445
1447
1446
1449
2791
2792
2793
2794
2795
2796
2797
2888
2889
209
208
2884
2885
2886
2887
2880
202
201
200
3689
3688
3681
3680
3683
3682
3685
3687
3686
3339
2240
2247
2244
2245
3330
3332
3335
3334
3337
3336
2084
2086
2087
2080
2081
2082
2083
2088
3292
930
933
932
935
934
937
939
938
3757
3204
3755
3754
3753
3752
3203
3209
3208
3759
3758
2338
2336
2334
2335
2332
2829
3458
2100
2949
2103
2948
3592
3987
225
3984
3111
3110
3113
3112
3115
3117
3116
3119
3118
3451
2941
2459
2940
2458
596
595
594
593
592
591
590
599
849
841
840
843
842
845
844
847
846
1386
3123
186
444
446
441
440
443
442
3855
1308
1309
1302
1303
1301
1306
1304
2620
1870
1871
1873
1874
1875
1876
1877
1878
1879
1276
1277
1274
1272
1273
1270
1271
3868
1278
694
695
696
697
692
693
698
699
1052
1053
1050
1051
1056
1057
1054
1055
1058
2659
2658
2651
2653
2652
2655
2654
2434
2437
3439
2431
2433
2432
3432
3433
3926
3431
3436
3921
3922
3435
1698
1694
1695
1696
1697
1691
2444
1458
1459
1456
1454
1455
1452
1453
1451
278
279
272
273
270
271
276
277
274
275
3326
3327
3324
3325
3322
3321
1049
3328
3329
2501
2503
2502
2505
2504
2507
2506
2509
306
307
304
2539
300
301
308
309
908
909
905
906
907
901
902
903
3212
3746
3747
3740
3214
3218
3219
3748
3749
2058
2349
2348
2343
2342
2341
2340
2345
2344
3697
3694
3695
3692
3693
3690
3691
3698
3699
1798
3108
3109
3106
3104
3102
3103
3100
3101
877
870
871
872
878
879
2860
3988
470
471
472
474
475
477
478
479
3546
1999
968
1993
1992
1991
1990
1997
2833
1995
1994
3545
3542
964
3543
3079
1849
1848
1845
1844
1847
1846
1841
1840
3937
3424
3427
79
3426
1207
1206
1204
70
1208
75
77
3420
3423
3422
2632
682
681
680
687
686
685
689
688
2647
2644
2645
2642
1792
1519
2401
1517
1516
1515
1514
1513
1685
1510
1684
2404
1682
1193
1192
1191
1197
1196
1195
1233
1199
1198
1230
2422
3918
2420
2427
2424
2425
3910
2428
3915
3917
3916
1235
1429
1428
1423
1422
1426
1425
1424
269
268
1448
261
260
267
266
3352
3350
3357
3355
3354
368
3359
3595
3594
3597
3596
3591
3590
2518
2519
2516
2517
2514
3598
2510
2511
1737
1736
1735
1734
1733
1732
1731
1730
164
1739
1738
314
317
3949
310
312
319
318
163
918
160
913
912
911
910
917
916
915
914
3771
3770
3772
3775
3774
3777
3779
3778
2358
2350
2351
2353
2354
2355
2356
2357
2882
2528
3745
3179
3178
3173
3172
3171
3170
3177
3175
3174
863
862
861
860
867
865
864
869
868
3825
3004
3002
3001
3338
3000
2536
138
2537
2246
2531
2533
2784
2248
1488
2249
1520
468
466
465
464
463
462
461
460
2966
2965
1988
2616
1980
1981
1982
1983
1984
1985
1987
2128
1528
1529
1859
1852
1853
1851
1857
1854
1855
1210
1211
1213
1214
1217
1218
63
61
66
67
64
65
679
676
677
674
675
670
2633
2631
2981
2980
2983
2982
2639
2638
2989
2988
1508
1509
1505
1506
1500
1501
1502
1503
545
1180
788
1183
1184
1187
783
780
781
784
785
2189
2188
2185
2184
2186
2181
2180
2183
2749
2748
2747
2745
2744
2743
2742
2741
2740
1438
255
256
257
250
251
252
253
1431
1432
1433
258
259
1436
1437
3340
3341
3342
3344
3346
3347
3348
3349
2299
2569
2568
3586
3587
2291
2562
3589
2567
2294
2565
2296
3205
1727
1720
1721
3756
1728
3207
322
323
324
325
3900
327
328
329
3908
3909
3751
3202
2365
2364
2366
2361
2360
2363
3766
3764
3765
2368
3760
3761
2167
2165
2163
2162
2161
2160
2169
2168
2038
3168
1144
1145
3162
3163
3164
3165
3166
3167
1416
899
896
897
892
893
890
891
1063
2763
1359
3014
3016
3010
3011
3012
3013
1067
3018
1797
1358
3539
2594
418
419
412
410
411
416
417
414
415
3379
525
522
521
529
1881
1883
1882
1885
1884
1886
1225
1888
1226
1221
1220
1223
1222
669
668
969
664
667
666
661
660
663
3448
1089
2993
2622
2623
2624
2997
2994
2627
2628
2629
1083
2999
1085
1087
1086
1539
1538
3450
3369
1531
1530
1533
1532
1535
1534
1537
2812
2810
1350
799
56
55
54
53
52
51
3363
791
790
793
792
795
794
59
796
2412
2198
2192
3810
2190
2197
2194
2195
1405
1404
1407
1154
1153
1152
1151
2754
2755
2750
2751
2752
2753
242
247
246
245
249
248
1660
2286
2285
2282
2283
2280
3375
3806
3804
3371
3802
3373
2578
2579
69
3579
3578
2570
2572
3573
2575
3570
1711
1710
1713
1712
1717
1716
1719
62
3971
3970
3977
3976
3975
1219
337
336
335
3978
333
332
331
330
2372
2370
2377
2374
2375
3713
3712
2378
3717
3716
3715
3714
2176
3488
2170
2171
2172
2173
3483
3482
3480
2178
2179
3485
2960
383
3626
3625
3156
3623
3150
3153
3620
3159
3158
3628
3396
3395
3394
3393
3392
3391
3390
3962
3398
779
221
778
2867
3540
889
888
884
887
886
881
880
3968
3969
3541
3021
3020
3022
3025
3024
3029
3028
409
408
401
403
405
404
407
406
1752
535
534
537
536
531
533
532
539
372
2985
1898
1899
1896
1894
1895
1892
1893
1234
1891
1136
2636
658
659
3703
650
651
652
653
654
655
656
657
2381
29
3707
3768
1526
1524
1525
2618
2969
1521
2615
2614
2617
2964
2611
2610
2613
2612
377
40
41
42
43
46
47
48
49
2769
2768
1146
1411
1140
1417
1143
2761
2760
1418
2762
1148
1149
2767
2766
1097
1094
1093
1091
1748
1099
2817
2815
2546
2813
3819
1412
2542
3814
3815
3360
3817
2549
2818
3568
3564
3565
3566
3561
3563
3798
1413
1708
1709
1706
1707
1704
1702
1703
1701
3960
3961
348
349
3964
3965
3966
3967
342
343
340
341
347
344
345
1410
3708
3709
3457
2389
2387
2386
3702
2384
2383
2382
3706
2380
2140
2143
2145
2144
2147
2146
2149
3491
3492
3493
3494
3495
3634
3143
3636
3637
3630
3632
3633
3148
3149
3639
3385
3386
3387
3380
3381
3382
3383
3388
3389
3141
3146
2026
224
2001
3144
3145
1415
3519
3038
3039
3037
3034
3032
3030
3031
2840
3516
3511
2316
7
435
436
437
3
431
432
2029
439
9
8
3816
3227
3226
1419
502
503
504
506
507
508
254
1439
3190
39
645
644
642
641
649
648
38
1959
1958
1956
1954
1953
1951
1950
1553
1552
2608
2979
1555
1554
2974
2975
1559
2977
2243
2607
2972
1395
1394
1396
1391
1390
1393
1392
1399
2776
2777
2774
2775
2773
2770
2771
2778
1171
1170
1173
1174
1177
1179
1178
3462
3084
2804
2553
2807
2801
2554
2555
3821
3820
2558
2559
2808
2809
3827
3826
3559
3551
3552
1182
3557
3556
1779
1771
1770
1777
1776
3082
359
358
3959
351
3954
3957
3956
355
354
3953
3952
3735
3734
3737
3731
3730
3733
3732
3739
3738
2398
2394
2395
2396
2397
2390
2391
2393
2112
1603
1602
2158
3583
2156
2157
2154
2152
2446
1609
2151
3309
3581
2116
2441
2114
3601
2563
3603
3602
3605
3604
2290
3609
3608
3588
2292
2295
3464
2297
2564
3762
2113
1725
1400
3049
3043
3041
1723
3047
3046
3045
3044
3829
1729
423
422
421
420
427
426
425
429
428
190
321
1373
3904
3905
1371
3902
194
3903
3300
3901
519
6
517
516
515
514
513
511
510
4
2362
430
2
3157
1
632
633
630
631
636
637
634
1743
638
639
822
1948
1949
1944
1945
1947
1940
1943
1540
1541
1542
1543
1544
1545
1546
1547
1548
2942
2945
2944
2946
1382
1383
1380
1381
188
189
1384
1385
184
185
1388
1389
181
182
183
748
749
746
744
745
742
743
2702
2701
2700
2706
2704
2709
2708
1166
1167
1162
1163
1160
1161
298
299
290
291
292
294
295
296
297
3919
2831
3547
3544
2832
2835
2837
2836
2839
3142
3548
3549
2019
2018
2017
2016
2015
2014
2013
2012
2011
2010
364
365
366
367
362
363
1760
1763
1765
1766
1767
166
167
2491
165
162
2495
161
3942
3940
3941
3946
3947
168
3945
3722
3723
3720
3721
3726
3727
3724
3725
3728
3729
2963
1614
2129
1617
1610
2123
2121
2120
2127
2126
2124
3836
3837
3835
3832
3833
3830
3831
1114
805
1047
3618
3619
3616
3617
3615
3612
3613
3610
2237
2236
2235
2233
2232
2231
2230
3571
2239
2238
1616
984
986
980
982
983
988
989
3058
3059
3051
3052
3053
3054
2962
1768
2551
3913
3948
2557
975
974
3928
568
569
3535
562
563
567
564
565
973
3925
3080
3430
3538
3169
2008
3437
621
620
623
624
627
626
629
628
3211
1755
2102
1025
1979
1978
1756
3248
1970
1973
1972
1974
1750
1578
1575
1574
1577
1576
1570
1573
1572
1048
1379
1378
1377
1376
191
1374
197
1372
195
1370
759
758
754
757
756
751
750
753
752
99
98
93
90
97
96
95
94
2710
2711
2712
2713
2714
2715
2716
2718
2719
371
287
286
285
370
283
282
280
1113
1112
1111
1110
1117
1116
288
1289
1288
1282
1280
1287
1285
2956
2957
2954
2955
2953
2950
2951
2109
2958
3533
3532
3531
3530
3537
3536
2828
3534
2826
2827
2824
2822
2820
2821
1027
1023
1022
1753
1020
2108
2005
2006
2007
1759
1758
2002
2003
1596
1595
1594
1593
1591
1590
350
379
1599
1598
2480
174
177
2483
2484
170
173
2487
171
3155
179
2485
3289
2486
3285
3287
172
3281
3280
3283
3282
3991
3944
3993
3992
3995
3994
3997
2489
3999
3446
3445
3193
3442
3441
3440
2138
2139
1622
1625
1624
1626
2130
2132
2133
2135
2136
2137
3843
3841
3840
3847
3846
3845
3844
3849
3848
3198
3668
3191
3662
3661
3660
3195
3194
3197
3664
2224
2225
2226
2222
2223
1139
3813
2229
3286
1138
2492
992
3067
3066
997
3063
999
998
3069
3266
3265
3264
3263
3262
3261
2545
3269
3989
3449
2544
3996
24
1499
2978
1556
2976
1621
1558
3576
1620
2970
856
2541
578
3575
571
570
573
575
577
576
3653
2131
2540
2494
1435
618
619
615
616
617
611
612
613
1966
1967
1964
1965
1962
1963
1960
1961
1250
1968
2968
1568
1569
1562
1563
3206
1561
1567
1564
1565
1368
1369
1364
1365
1366
1367
1360
1361
1362
1363
84
769
86
87
80
82
804
3201
761
762
763
765
550
557
970
556
2729
2728
2725
2724
2727
2726
2721
2723
2722
1108
1109
1100
1101
1102
1103
1104
1105
1106
1291
1292
1294
1295
1296
2923
2922
2920
2927
2926
2925
2924
2929
2928
2589
2588
3522
3523
3524
3525
3526
2581
3529
2583
2585
2856
2855
2854
2039
1035
1740
1746
1747
1744
1745
2031
2030
2033
2032
2036
1584
3744
1586
1587
1580
1581
388
1583
386
387
385
382
1589
380
141
142
143
145
146
3216
3298
3299
2538
3742
1787
2961
3290
3490
3296
3297
3294
2105
2456
2455
2454
2453
3459
2451
2450
3986
3455
3456
3985
3982
3983
3980
3981
3192
3582
1638
1639
1636
1634
1635
1632
1633
1630
1631
3850
3851
3852
3853
3854
3665
3856
3858
3186
3187
3184
3185
3182
3183
3180
3188
3678
3679
1788
3670
3671
3672
3673
3674
3675
3676
3677
2211
2210
2213
2212
2215
2217
2216
2219
2218
3072
3073
3070
3071
3076
3077
3074
3075
966
3078
965
962
963
960
961
3275
3277
3271
3272
3273
1074
3279
2672
2671
2670
1070
3130
2267
1072
2439
544
817
814
547
540
543
548
549
818
1073
3635
3521
352
609
608
603
601
600
607
606
605
604
1913
993
1911
1910
1916
3064
1919
1918
991
990
3933
3061
2000
2552
